141
158
178
165
113
 97
130
126
 93
 97
123
155
150
107
135
193
203
170
128
139
152
118
 86
113
172
179
124
122
131
116
 74
 71
125
143
108
104
148
181
145
117
164
164
134
145
128
105
106
 98
 81
104
152
145
152
147
150
128
 77
 70
120
137
107
113
170
183
112
 95
148
125
 85
111
124
 98
 78
 79
 80
 97
118
 95
183
174
172
160
120
119
130
119
114
121
152
162
106
 77
106
118
125
134
140
138
110
106
119
114
 95
 70
165
157
152
145
131
151
146
126
123
100
 92
131
139
 91
 81
123
151
156
172
186
154
130
144
136
100
 80
142
134
124
112
121
159
166
156
137
 87
 66
118
155
105
 74
 94
101
118
149
175
160
115
 92
104
120
112
139
123
105
 96
131
172
169
149
131
 95
 75
107
126
100
 94
102
104
117
111
113
129
122
 94
 97
141
140
149
147
124
105
142
186
165
122
125
124
100
104
 98
 87
109
128
131
129
110
 87
101
148
170
157
164
157
148
152
126
 98
116
153
145
122
143
149
128
117
 98
 86
114
127
104
111
144
135
127
167
202
188
170
155
146
143
125
101
 96
107
116
134
146
125
114
104
 91
111
154
158
119
132
182
172
135
144
173
166
155
148
167
161
153
136
122
111
111
134
126
 90
 86
 87
 80
112
148
157
157
165
170
139
107
120
141
147
151
139
165
158
160
164
159
142
129
129
100
 73
 81
 97
104
110
100
 97
127
143
134
119
125
140
121
128
143
102
142
127
114
127
141
142
142
130
 84
 68
 79
 98
143
161
124
 89
 94
105
113
128
153
168
135
128
139
 96
159
136
 92
 82
103
125
132
126
 94
 78
 86
 97
146
200
182
133
122
110
 95
117
144
161
159
145
143
131
167
167
139
 95
102
143
140
137
134
114
124
129
132
167
165
147
154
113
 65
 97
127
134
153
136
123
127
131
145
155
108
111
174
180
167
151
134
165
169
128
114
110
121
136
 90
 58
 90
 99
114
151
141
132
126
118
120
136
104
103
150
174
167
130
124
179
186
120
102
120
116
105
 88
 94
 95
 76
109
150
151
166
169
144
122
105
 81
 87
108
122
134
131
134
172
176
118
114
160
148
110
107
135
119
 93
123
142
139
149
166
177
130
 72
 55
 87
116
122
138
147
143
146
132
104
117
158
146
104
107
136
132
112
129
152
149
123
109
161
114
 75
 65
 89
127
147
145
123
120
125
103
 85
104
129
 97
 64
 78
 86
 90
 92
113
160
166
121
 89
133
 95
 94
 91
 94
127
155
140
 95
 95
133
145
121
109
120
 80
 59
 83
 75
 76
 93
117
154
148
103
101
137
123
132
126
116
144
172
154
102
 94
151
182
157
126
120
107
113
134
129
130
130
137
151
124
 93
124
121
152
163
142
119
130
155
144
110
104
136
148
150
147
127
126
142
156
161
160
140
128
134
111
113
159
126
151
143
121
123
124
120
108
103
108
109
108
150
176
131
114
139
164
172
149
124
124
127
103
111
164
155
147
131
129
149
139
108
 91
 92
108
101
100
156
169
100
 99
161
181
165
130
116
153
164
118
 93
125
127
119
138
156
145
119
104
105
116
135
114
 98
129
118
 69
 85
147
167
147
130
143
177
165
106
 78
 97
