79
132
196
201
222
48
69
127
188
50
46
137
72
194
69
75
245
233
145
124
167
137
254
36
249
158
184
75
153
191
164
235
227
164
75
174
71
32
145
104
143
218
25
90
248
235
247
13
225
196
61
26
48
192
243
202
48
131
21
133
34
51
28
161
243
134
86
130
253
161
93
249
200
10
251
90
71
80
163
124
69
241
104
68
220
118
179
116
190
16
17
76
156
3
97
173
233
66
26
213
142
1
93
196
70
75
22
48
67
164
58
131
177
224
206
230
219
112
150
200
141
158
146
188
252
34
29
179
15
143
124
24
204
15
143
110
68
126
18
22
62
239
94
48
205
37
221
75
14
145
55
44
75
247
46
21
219
238
228
240
229
206
127
254
230
27
120
87
154
109
171
245
104
103
194
217
251
165
78
46
107
231
84
70
71
25
37
118
230
152
30
34
51
192
30
147
117
201
38
2
26
131
141
165
44
228
19
98
84
202
72
37
151
1
237
55
98
188
199
58
2
209
169
100
222
76
200
253
76
217
231
222
135
46
187
11
129
20
79
195
160
205
158
87
57
5
89
236
161
130
199
31
121
185
203
30
104
13
231
121
44
200
219
128
162
167
18
60
65
92
7
224
83
156
251
240
237
166
234
115
201
35
150
135
95
130
38
159
123
206
14
187
48
76
92
229
244
34
116
252
233
152
55
207
114
134
121
62
206
197
207
126
147
35
174
15
182
141
115
31
141
20
177
161
180
234
159
200
117
43
138
157
186
122
244
144
131
205
111
209
195
223
146
104
182
27
77
43
151
24
88
36
63
91
239
63
151
41
214
37
123
211
30
11
99
165
113
129
144
114
219
84
221
38
110
72
96
219
209
116
37
109
10
152
127
210
219
110
51
209
10
88
7
240
59
2
22
109
56
174
126
32
40
104
7
128
254
202
156
69
202
23
172
50
211
195
168
186
163
118
230
217
250
231
85
85
219
51
137
212
76
125
194
67
231
249
85
252
107
36
73
247
19
212
82
96
140
146
29
121
37
225
60
51
236
229
102
230
84
236
146
143
48
39
84
229
38
3
81
115
66
248
74
128
117
2
165
177
54
254
29
152
174
207
251
111
20
240
218
115
85
214
28
138
23
143
132
44
38
228
139
243
193
143
189
74
98
154
49
94
11
128
53
137
125
182
242
57
28
246
111
136
74
169
89
4
237
85
96
127
224
223
197
252
161
6
18
103
179
73
150
221
107
183
105
201
82
245
186
139
56
241
182
150
91
175
193
110
16
151
107
251
74
107
30
91
134
189
174
116
99
176
13
12
74
138
40
4
131
15
88
60
104
221
119
190
46
86
238
37
44
120
103
67
94
150
118
48
59
162
123
219
0
247
43
20
72
36
24
112
27
170
230
66
66
207
201
208
116
84
134
69
226
158
231
111
30
204
227
206
71
180
40
107
211
129
161
136
204
181
43
74
63
248
111
32
209
236
213
120
86
255
101
123
55
200
127
112
185
27
217
171
165
138
205
167
2
249
110
142
167
214
127
62
195
93
31
135
40
103
76
158
89
98
68
152
249
169
72
87
114
247
60
181
108
100
8
110
210
187
162
227
124
177
97
212
230
142
68
58
114
153
42
168
252
4
74
243
225
180
196
12
171
228
164
37
114
235
234
83
168
88
195
145
66
5
174
21
184
33
90
192
155
35
63
234
115
131
42
153
198
251
36
160
5
121
51
54
10
164
231
43
162
162
110
217
226
212
33
78
2
69
54
1
225
169
179
241
158
107
12
8
155
0
