0,8.592822456359864,0.1068359375
1,8.559570503234863,0.1228515625
2,8.546188926696777,0.1376953125
3,8.542327308654786,0.1388671875
4,8.539039993286133,0.1513671875
5,8.535213661193847,0.1666015625
6,8.530514526367188,0.1771484375
7,8.52535514831543,0.19609375
8,8.519629859924317,0.2037109375
9,8.514512825012208,0.2095703125
10,8.50890064239502,0.2220703125
11,8.503358840942383,0.2265625
12,8.498737144470216,0.2259765625
13,8.492539978027343,0.2419921875
14,8.488417434692384,0.2490234375
15,8.48310661315918,0.2595703125
16,8.475096893310546,0.2681640625
17,8.471118354797364,0.268359375
18,8.466448211669922,0.2748046875
19,8.461610984802245,0.2822265625
20,8.456152534484863,0.280859375
21,8.452397918701172,0.2818359375
22,8.444646644592286,0.296484375
23,8.439931678771973,0.3046875
24,8.435200500488282,0.3048828125
25,8.429623031616211,0.3119140625
26,8.425977897644042,0.3103515625
27,8.418880653381347,0.32109375
28,8.414843368530274,0.318359375
29,8.408524131774902,0.326953125
30,8.403152656555175,0.3330078125
31,8.399403381347657,0.3337890625
32,8.392635726928711,0.33515625
33,8.388583755493164,0.334765625
34,8.385524559020997,0.3375
35,8.378753089904786,0.3494140625
36,8.375164604187011,0.34453125
37,8.365225410461425,0.348046875
38,8.363621520996094,0.3482421875
39,8.358551025390625,0.3587890625
40,8.351357078552246,0.36015625
41,8.350366020202637,0.358203125
42,8.3419921875,0.3638671875
43,8.335860633850098,0.3646484375
44,8.333913993835449,0.373828125
45,8.332525634765625,0.36171875
46,8.32794132232666,0.3560546875
47,8.316152191162109,0.378125
48,8.31489963531494,0.3796875
49,8.310714721679688,0.3732421875
50,8.303494453430176,0.38515625
51,8.302007293701172,0.37265625
52,8.296529579162598,0.389453125
53,8.294290351867676,0.391796875
54,8.284308242797852,0.378515625
55,8.284481239318847,0.3833984375
56,8.27898998260498,0.394921875
57,8.272899436950684,0.38984375
58,8.272897911071777,0.396484375
59,8.266304969787598,0.3939453125
60,8.264778327941894,0.388671875
61,8.252273750305175,0.39765625
62,8.25371437072754,0.390234375
63,8.254975891113281,0.3994140625
64,8.24452610015869,0.398828125
65,8.241939163208007,0.3998046875
66,8.235283279418946,0.406640625
67,8.230880546569825,0.3955078125
68,8.230928993225097,0.403515625
69,8.223213958740235,0.4193359375
70,8.220896339416504,0.4095703125
71,8.214969062805176,0.4169921875
72,8.213392066955567,0.3939453125
73,8.208578109741211,0.419140625
74,8.204737091064453,0.4146484375
75,8.202236557006836,0.4232421875
76,8.197001457214355,0.4208984375
77,8.188985252380371,0.4115234375
78,8.189501762390137,0.4068359375
79,8.182403945922852,0.434375
80,8.18407325744629,0.4228515625
81,8.177971649169923,0.42421875
82,8.174931907653809,0.424609375
83,8.176753807067872,0.4119140625
84,8.171872329711913,0.4240234375
85,8.168274879455566,0.4275390625
86,8.169211387634277,0.421484375
87,8.157635498046876,0.428125
88,8.156748199462891,0.425
89,8.15555648803711,0.4248046875
90,8.150458526611327,0.428125
91,8.151905632019043,0.4275390625
92,8.146240997314454,0.432421875
93,8.138455772399903,0.4259765625
94,8.137414741516114,0.4380859375
95,8.132640838623047,0.444921875
96,8.138348197937011,0.434765625
97,8.134947967529296,0.4306640625
98,8.129753112792969,0.441015625
99,8.12457733154297,0.4361328125
100,8.124819946289062,0.430078125
101,8.11737232208252,0.439453125
102,8.113555717468262,0.4505859375
103,8.119245147705078,0.4451171875
104,8.116068649291993,0.444140625
105,8.115929412841798,0.4404296875
106,8.109174537658692,0.4453125
107,8.105192565917969,0.4390625
108,8.104952239990235,0.435546875
109,8.100776290893554,0.432421875
110,8.091802978515625,0.4466796875
111,8.090985870361328,0.449609375
112,8.090265655517578,0.4572265625
113,8.085989379882813,0.455859375
114,8.084623336791992,0.4462890625
115,8.087918663024903,0.4400390625
116,8.093614959716797,0.44609375
117,8.082423782348632,0.4376953125
118,8.086888122558594,0.45390625
119,8.076343536376953,0.4556640625
120,8.075905418395996,0.4494140625
121,8.072304153442383,0.45546875
122,8.078729629516602,0.4431640625
123,8.078957557678223,0.44375
124,8.062064743041992,0.4501953125
125,8.066926193237304,0.4482421875
126,8.068929100036621,0.441796875
127,8.06275291442871,0.4537109375
128,8.062521171569824,0.4537109375
129,8.06426181793213,0.4552734375
130,8.05772762298584,0.461328125
131,8.05479621887207,0.4501953125
132,8.063779830932617,0.4486328125
133,8.060207557678222,0.452734375
134,8.039564323425292,0.4728515625
135,8.048650932312011,0.4517578125
136,8.04834861755371,0.45546875
137,8.044063377380372,0.467578125
138,8.050519561767578,0.45625
139,8.048822402954102,0.4595703125
140,8.042358589172363,0.4541015625
141,8.04176368713379,0.463671875
142,8.042410850524902,0.451171875
143,8.0318452835083,0.462109375
144,8.041876983642577,0.4640625
145,8.030941200256347,0.4712890625
146,8.042781639099122,0.4568359375
147,8.03835391998291,0.4666015625
148,8.02934684753418,0.4583984375
149,8.033095169067384,0.458203125
150,8.037143898010253,0.4607421875
151,8.022440338134766,0.474609375
152,8.028090858459473,0.461328125
153,8.029780197143555,0.4703125
154,8.023987007141113,0.456640625
155,8.025052642822265,0.459765625
156,8.02241916656494,0.466015625
157,8.023690986633301,0.471484375
158,8.022075843811034,0.4720703125
159,8.020747756958007,0.457421875
160,8.016159343719483,0.4630859375
161,8.022464942932128,0.4607421875
162,8.014126968383788,0.46640625
163,8.017106628417968,0.4732421875
164,8.01429615020752,0.4654296875
165,8.011379623413086,0.4646484375
166,8.018437385559082,0.4630859375
167,8.010654544830322,0.47265625
168,8.008445358276367,0.4681640625
169,8.01025094985962,0.4705078125
170,8.01216106414795,0.46875
171,8.001694107055664,0.4806640625
172,8.011215877532958,0.4677734375
173,8.009482955932617,0.47578125
174,8.002041435241699,0.4646484375
175,8.00376100540161,0.4716796875
176,8.001279926300048,0.4705078125
177,8.002700901031494,0.477734375
178,8.0065749168396,0.4716796875
179,8.000196933746338,0.4701171875
180,7.99942979812622,0.4833984375
181,7.997519874572754,0.484375
182,7.993459892272949,0.4732421875
183,7.999784851074219,0.4744140625
184,7.994232559204102,0.4724609375
185,7.983741760253906,0.4765625
186,7.991633892059326,0.4787109375
187,7.997567653656006,0.468359375
188,8.001508331298828,0.4724609375
189,7.987387084960938,0.480078125
190,7.999761772155762,0.472265625
191,7.9901830673217775,0.4759765625
192,7.977466011047364,0.475
193,7.986476421356201,0.4828125
194,7.989281558990479,0.4814453125
195,7.989261054992676,0.46953125
196,7.982734870910645,0.475390625
197,7.985684967041015,0.4755859375
198,7.986063766479492,0.479296875
199,7.976729393005371,0.4765625
200,7.987133407592774,0.478515625
201,7.982469654083252,0.47265625
202,7.984059619903564,0.4853515625
203,7.984159755706787,0.4861328125
204,7.981756687164307,0.471875
205,7.981743907928466,0.480078125
206,7.978714179992676,0.4890625
207,7.977049446105957,0.484375
208,7.96942777633667,0.4828125
209,7.973562145233155,0.48046875
210,7.9742881774902346,0.477734375
211,7.970775604248047,0.4830078125
212,7.961089706420898,0.4869140625
213,7.978689289093017,0.4798828125
214,7.974368286132813,0.4853515625
215,7.975126457214356,0.4734375
216,7.96566858291626,0.493359375
217,7.973079490661621,0.47734375
218,7.96919002532959,0.4796875
219,7.968605804443359,0.4876953125
220,7.9702598571777346,0.47578125
221,7.96121768951416,0.48828125
222,7.969999027252197,0.4841796875
223,7.967278861999512,0.4861328125
224,7.958275032043457,0.4927734375
225,7.96271858215332,0.487890625
226,7.9649042129516605,0.486328125
227,7.960280036926269,0.4775390625
228,7.963247871398925,0.4869140625
229,7.964467144012451,0.4845703125
230,7.9609375,0.4857421875
231,7.96491060256958,0.490234375
232,7.961035919189453,0.4755859375
233,7.96005392074585,0.5005859375
234,7.957496643066406,0.4880859375
235,7.957447147369384,0.49296875
236,7.955997085571289,0.4919921875
237,7.964564323425293,0.4951171875
238,7.955080986022949,0.492578125
239,7.961206912994385,0.4845703125
240,7.95041675567627,0.4875
241,7.949806785583496,0.4873046875
242,7.954846000671386,0.4876953125
243,7.958504390716553,0.48828125
244,7.958687400817871,0.48515625
245,7.9532393455505375,0.4927734375
246,7.952652263641357,0.4890625
247,7.954114627838135,0.4939453125
248,7.9571099281311035,0.4826171875
249,7.949269008636475,0.5005859375
250,7.944571399688721,0.4943359375
251,7.952206325531006,0.481640625
252,7.955488777160644,0.4837890625
253,7.955427455902099,0.4857421875
254,7.944245338439941,0.484375
255,7.946537590026855,0.49296875
256,7.950297164916992,0.4904296875
257,7.9474639892578125,0.503125
258,7.95059986114502,0.48046875
259,7.9504594802856445,0.49609375
260,7.950971221923828,0.4865234375
261,7.933605766296386,0.4982421875
262,7.9502640724182125,0.496484375
263,7.950605010986328,0.47578125
264,7.938980674743652,0.491015625
265,7.942570590972901,0.487890625
266,7.9340568542480465,0.4923828125
267,7.955331039428711,0.4875
268,7.952896499633789,0.4927734375
269,7.94390115737915,0.5052734375
270,7.934118461608887,0.4951171875
271,7.943773460388184,0.4876953125
272,7.950515651702881,0.485546875
273,7.944408512115478,0.484765625
274,7.942019939422607,0.4947265625
275,7.942846870422363,0.4974609375
276,7.94418773651123,0.5017578125
277,7.928207302093506,0.49609375
278,7.938808822631836,0.4833984375
279,7.931732654571533,0.496875
280,7.936979198455811,0.48671875
281,7.9365565299987795,0.4880859375
282,7.940326309204101,0.498046875
283,7.935282135009766,0.4890625
284,7.9330315589904785,0.4900390625
285,7.935602283477783,0.4939453125
286,7.929621410369873,0.4904296875
287,7.935068798065186,0.494921875
288,7.933856391906739,0.4890625
289,7.9316086769104,0.4896484375
290,7.945328426361084,0.488671875
291,7.938460636138916,0.4869140625
292,7.934699535369873,0.501953125
293,7.937277126312256,0.4916015625
294,7.937015342712402,0.48671875
295,7.938782978057861,0.4943359375
296,7.933589363098145,0.487109375
297,7.9353358268737795,0.49296875
298,7.944382858276367,0.4837890625
299,7.930654430389405,0.4853515625
300,7.922453212738037,0.503125
301,7.933573818206787,0.496875
302,7.938790130615234,0.4931640625
303,7.927338123321533,0.4974609375
304,7.933538818359375,0.490625
305,7.923376369476318,0.4962890625
306,7.930779647827149,0.488671875
307,7.9196501731872555,0.5041015625
308,7.930789566040039,0.5001953125
309,7.9364501953125,0.4857421875
310,7.93071231842041,0.49453125
311,7.931719493865967,0.4935546875
312,7.922352123260498,0.505078125
313,7.922482299804687,0.4947265625
314,7.927786350250244,0.511328125
315,7.920553874969483,0.5013671875
316,7.939316940307617,0.4875
317,7.92547025680542,0.484765625
318,7.926351833343506,0.4927734375
319,7.924959945678711,0.4958984375
320,7.928730106353759,0.4970703125
321,7.923667335510254,0.498046875
322,7.921385383605957,0.4859375
323,7.926949501037598,0.5107421875
324,7.924479579925537,0.4966796875
325,7.9186138153076175,0.4947265625
326,7.9245813369750975,0.4966796875
327,7.912210083007812,0.4919921875
328,7.92744255065918,0.502734375
329,7.926223182678223,0.49765625
330,7.911381626129151,0.4912109375
331,7.917921161651611,0.5017578125
332,7.9181829452514645,0.49921875
333,7.913707542419433,0.5046875
334,7.915825939178466,0.509765625
335,7.919453048706055,0.4943359375
336,7.916088485717774,0.5068359375
337,7.9171651840209964,0.5017578125
338,7.915478134155274,0.5015625
339,7.918160915374756,0.4970703125
340,7.92479829788208,0.485546875
341,7.918130779266358,0.5015625
342,7.916453838348389,0.5005859375
343,7.918278503417969,0.4912109375
344,7.9125800132751465,0.496484375
345,7.91226749420166,0.5197265625
346,7.916639041900635,0.49609375
347,7.917174625396728,0.488671875
348,7.919275283813477,0.496484375
349,7.915339374542237,0.4982421875
350,7.9198840141296385,0.4953125
351,7.912244892120361,0.50390625
352,7.913294792175293,0.4990234375
353,7.912544918060303,0.5046875
354,7.91511754989624,0.503125
355,7.910228252410889,0.5056640625
356,7.918918228149414,0.491796875
357,7.906703090667724,0.5025390625
358,7.922213172912597,0.4978515625
359,7.915654850006104,0.505078125
360,7.916545295715332,0.5029296875
361,7.909368801116943,0.498828125
362,7.911255359649658,0.484765625
363,7.909669876098633,0.512109375
364,7.9082865715026855,0.508203125
365,7.912890911102295,0.5
366,7.907932090759277,0.5048828125
367,7.91610050201416,0.5015625
368,7.9126969337463375,0.5044921875
369,7.914439678192139,0.5052734375
370,7.914540576934814,0.5005859375
371,7.910484027862549,0.4953125
372,7.90041971206665,0.495703125
373,7.903262996673584,0.498828125
374,7.902435684204102,0.4970703125
375,7.90826005935669,0.4939453125
376,7.9067706108093265,0.5046875
377,7.898572635650635,0.508984375
378,7.910074138641358,0.5048828125
379,7.915365219116211,0.496875
380,7.904573154449463,0.491015625
381,7.90532169342041,0.50546875
382,7.909423542022705,0.5064453125
383,7.912758255004883,0.5015625
384,7.910496234893799,0.5080078125
385,7.913382530212402,0.4974609375
386,7.90496072769165,0.504296875
387,7.910749816894532,0.49453125
388,7.902227878570557,0.509765625
389,7.9069437980651855,0.50625
390,7.914194965362549,0.50390625
391,7.9069600105285645,0.4986328125
392,7.906819152832031,0.5009765625
393,7.909727001190186,0.4939453125
394,7.904957962036133,0.508984375
395,7.902923107147217,0.510546875
396,7.901362514495849,0.5009765625
397,7.909812545776367,0.509375
398,7.901840019226074,0.50703125
399,7.897191524505615,0.4962890625
400,7.908245944976807,0.5091796875
401,7.905737495422363,0.50703125
402,7.907831382751465,0.50546875
403,7.907503223419189,0.5001953125
404,7.904850673675537,0.5078125
405,7.906631374359131,0.5044921875
406,7.895999813079834,0.5103515625
407,7.904325675964356,0.4865234375
408,7.9004150390625,0.5068359375
409,7.903148174285889,0.503125
410,7.9049042701721195,0.4916015625
411,7.896826171875,0.5041015625
412,7.898777961730957,0.5046875
413,7.896875190734863,0.5083984375
414,7.899481678009034,0.506640625
415,7.899234008789063,0.4994140625
416,7.898063087463379,0.5072265625
417,7.89746618270874,0.51328125
418,7.897313499450684,0.5072265625
419,7.8978887557983395,0.5033203125
420,7.890836429595947,0.515234375
421,7.906057929992675,0.4958984375
422,7.896943664550781,0.5076171875
423,7.894735336303711,0.515234375
424,7.898492908477783,0.5130859375
425,7.895116519927979,0.50703125
426,7.896245288848877,0.50078125
427,7.905978870391846,0.50703125
428,7.904431629180908,0.5064453125
429,7.895971012115479,0.4982421875
430,7.909506607055664,0.4919921875
431,7.890541744232178,0.5103515625
432,7.895091819763183,0.505078125
433,7.898948860168457,0.50390625
434,7.890096664428711,0.4958984375
435,7.8960474014282225,0.5103515625
436,7.89389820098877,0.50390625
437,7.905209159851074,0.5015625
438,7.889448356628418,0.505078125
439,7.895362281799317,0.506640625
440,7.890187740325928,0.5056640625
441,7.897099781036377,0.5029296875
442,7.8949590682983395,0.501953125
443,7.89085807800293,0.5001953125
444,7.894061470031739,0.4966796875
445,7.8981832504272464,0.4990234375
446,7.894719123840332,0.499609375
447,7.892147731781006,0.501171875
448,7.892407989501953,0.50546875
449,7.893094635009765,0.499609375
450,7.893759632110596,0.5046875
451,7.8964029312133786,0.501953125
452,7.894857406616211,0.5037109375
453,7.893584060668945,0.5173828125
454,7.889115715026856,0.51875
455,7.894702339172364,0.5185546875
456,7.8889693260192875,0.5140625
457,7.8850257873535154,0.508203125
458,7.888360691070557,0.5087890625
459,7.8906303405761715,0.5048828125
460,7.888162136077881,0.5080078125
461,7.880940055847168,0.516015625
462,7.88041410446167,0.501171875
463,7.888778114318848,0.5169921875
464,7.888005542755127,0.5048828125
465,7.885567665100098,0.5126953125
466,7.891120529174804,0.5076171875
467,7.890344429016113,0.5068359375
468,7.889842891693116,0.501171875
469,7.886932468414306,0.5109375
470,7.882120513916016,0.51640625
471,7.881890201568604,0.5076171875
472,7.883596992492675,0.499609375
473,7.889564323425293,0.509765625
474,7.886776161193848,0.5099609375
475,7.880860710144043,0.4994140625
476,7.886823081970215,0.5109375
477,7.88790225982666,0.5056640625
478,7.883492279052734,0.5025390625
479,7.885089874267578,0.50390625
480,7.885406494140625,0.5158203125
481,7.882847595214844,0.5138671875
482,7.887568378448487,0.5166015625
483,7.879796409606934,0.5140625
484,7.883486557006836,0.5091796875
485,7.889739608764648,0.503515625
486,7.872633647918701,0.5169921875
487,7.881753921508789,0.504296875
488,7.884165668487549,0.5080078125
489,7.882558059692383,0.510546875
490,7.880959796905517,0.5119140625
491,7.880582237243653,0.512890625
492,7.877333450317383,0.5126953125
493,7.882496547698975,0.5115234375
494,7.885939979553223,0.5068359375
495,7.882273960113525,0.5171875
496,7.877250862121582,0.51640625
497,7.880864810943604,0.501171875
498,7.887501811981201,0.5021484375
499,7.87642993927002,0.5095703125
Final,,0.5702447385204081
