0,8.562071609497071,0.0970703125
1,8.557657051086426,0.1021484375
2,8.553496742248536,0.1046875
3,8.550422477722169,0.0984375
4,8.54763584136963,0.100390625
5,8.546553230285644,0.1001953125
6,8.544867897033692,0.1013671875
7,8.543813514709473,0.1052734375
8,8.543142700195313,0.10546875
9,8.542642593383789,0.0974609375
10,8.542087173461914,0.0947265625
11,8.541830825805665,0.098046875
12,8.541678047180175,0.1041015625
13,8.54151954650879,0.101171875
14,8.541403198242188,0.0990234375
15,8.541376876831055,0.1056640625
16,8.541289520263671,0.1005859375
17,8.541234397888184,0.1015625
18,8.5411527633667,0.0974609375
19,8.541180229187011,0.1037109375
20,8.541086578369141,0.1041015625
21,8.541072654724122,0.1041015625
22,8.541036987304688,0.1017578125
23,8.541036415100098,0.1044921875
24,8.541006660461425,0.1001953125
25,8.540986824035645,0.104296875
26,8.540997314453126,0.1041015625
27,8.540978050231933,0.1041015625
28,8.540963554382325,0.1033203125
29,8.540962028503419,0.1041015625
30,8.540968322753907,0.1015625
31,8.540991973876952,0.0982421875
32,8.540958595275878,0.1033203125
33,8.540952110290528,0.1021484375
34,8.540962409973144,0.1041015625
35,8.540956687927245,0.1041015625
36,8.540953826904296,0.1041015625
37,8.540955352783204,0.1041015625
38,8.540960884094238,0.1041015625
39,8.540946578979492,0.1041015625
40,8.540953063964844,0.1041015625
41,8.54094352722168,0.1041015625
42,8.540945053100586,0.1041015625
43,8.540955352783204,0.103515625
44,8.540943717956543,0.104296875
45,8.540947914123535,0.1041015625
46,8.540944480895996,0.1041015625
47,8.540942001342774,0.1041015625
48,8.5409366607666,0.1041015625
49,8.540943717956543,0.1041015625
50,8.540945053100586,0.1041015625
51,8.540935897827149,0.1041015625
52,8.540937423706055,0.1041015625
53,8.540942573547364,0.1041015625
54,8.540938377380371,0.1041015625
55,8.540940475463866,0.1041015625
56,8.54094066619873,0.1041015625
57,8.540935516357422,0.1041015625
58,8.540949058532714,0.1041015625
59,8.540949440002441,0.1041015625
60,8.540938568115234,0.1041015625
61,8.540955734252929,0.1041015625
62,8.54094123840332,0.1041015625
63,8.540938568115234,0.1041015625
64,8.540971755981445,0.1041015625
65,8.540953636169434,0.1041015625
66,8.540963745117187,0.1041015625
67,8.541011238098145,0.1083984375
68,8.540944480895996,0.100390625
69,8.541017532348633,0.108984375
70,8.540951538085938,0.1060546875
71,8.540964698791504,0.103515625
72,8.540974426269532,0.1041015625
73,8.540982818603515,0.1041015625
74,8.540973472595216,0.1041015625
75,8.54095687866211,0.1041015625
76,8.541049385070801,0.1041015625
77,8.541045188903809,0.106640625
78,8.540988540649414,0.1041015625
79,8.540953636169434,0.1029296875
80,8.54127540588379,0.102734375
81,8.541266441345215,0.1005859375
82,8.54107837677002,0.107421875
83,8.541010475158691,0.1080078125
84,8.541086578369141,0.102734375
85,8.541049575805664,0.1013671875
86,8.540986442565918,0.1021484375
87,8.541014289855957,0.1041015625
88,8.541039848327637,0.1052734375
89,8.541060447692871,0.1041015625
90,8.5409423828125,0.1041015625
91,8.540942192077637,0.1041015625
92,8.5409423828125,0.1041015625
93,8.540938377380371,0.1041015625
94,8.540936279296876,0.1041015625
95,8.54092788696289,0.1041015625
96,8.540948104858398,0.1041015625
97,8.54092960357666,0.1041015625
98,8.540935516357422,0.1041015625
99,8.540934753417968,0.1041015625
100,8.540925407409668,0.1041015625
101,8.540925788879395,0.1041015625
102,8.540926361083985,0.1041015625
103,8.54093017578125,0.1041015625
104,8.540923118591309,0.1041015625
105,8.540921020507813,0.1041015625
106,8.540921211242676,0.1041015625
107,8.540921783447265,0.1041015625
108,8.540921783447265,0.1041015625
109,8.540923309326171,0.1041015625
110,8.540923309326171,0.1041015625
111,8.54092025756836,0.1041015625
112,8.540922546386719,0.1041015625
113,8.540919876098632,0.1041015625
114,8.540919494628906,0.1041015625
115,8.540923690795898,0.1041015625
116,8.540922737121582,0.1041015625
117,8.540918350219727,0.1041015625
118,8.540920639038086,0.1041015625
119,8.540922164916992,0.1041015625
120,8.540920066833497,0.1041015625
121,8.540920448303222,0.1041015625
122,8.540919876098632,0.1041015625
123,8.540919494628906,0.1041015625
124,8.540921401977538,0.1041015625
125,8.540919876098632,0.1041015625
126,8.54091968536377,0.1041015625
127,8.540921020507813,0.1041015625
128,8.540921020507813,0.1041015625
129,8.540922164916992,0.1041015625
130,8.540921211242676,0.1041015625
131,8.54092197418213,0.1041015625
132,8.54091968536377,0.1041015625
133,8.540922355651855,0.1041015625
134,8.54091854095459,0.1041015625
135,8.540918922424316,0.1041015625
136,8.540918731689453,0.1041015625
137,8.54091739654541,0.1041015625
138,8.540921592712403,0.1041015625
139,8.54092197418213,0.1041015625
140,8.54092025756836,0.1041015625
141,8.54091968536377,0.1041015625
142,8.540920448303222,0.1041015625
143,8.540917778015137,0.1041015625
144,8.540920448303222,0.1041015625
145,8.540920639038086,0.1041015625
146,8.540919494628906,0.1041015625
147,8.540920829772949,0.1041015625
148,8.540917587280273,0.1041015625
149,8.540918922424316,0.1041015625
150,8.540917778015137,0.1041015625
151,8.540919303894043,0.1041015625
152,8.540921211242676,0.1041015625
153,8.54091911315918,0.1041015625
154,8.540920448303222,0.1041015625
155,8.540920448303222,0.1041015625
156,8.540921592712403,0.1041015625
157,8.54091911315918,0.1041015625
158,8.54091796875,0.1041015625
159,8.540919303894043,0.1041015625
160,8.540919303894043,0.1041015625
161,8.540919876098632,0.1041015625
162,8.540918350219727,0.1041015625
163,8.54091854095459,0.1041015625
164,8.540919303894043,0.1041015625
165,8.540918350219727,0.1041015625
166,8.54091854095459,0.1041015625
167,8.54091911315918,0.1041015625
168,8.54091911315918,0.1041015625
169,8.540919876098632,0.1041015625
170,8.540919876098632,0.1041015625
171,8.540919494628906,0.1041015625
172,8.540918350219727,0.1041015625
173,8.540917778015137,0.1041015625
174,8.54092025756836,0.1041015625
175,8.54091911315918,0.1041015625
176,8.54091854095459,0.1041015625
177,8.54091968536377,0.1041015625
178,8.540918159484864,0.1041015625
179,8.540917778015137,0.1041015625
180,8.54091854095459,0.1041015625
181,8.540919494628906,0.1041015625
182,8.540919494628906,0.1041015625
183,8.54091911315918,0.1041015625
184,8.54091796875,0.1041015625
185,8.54091911315918,0.1041015625
186,8.54091854095459,0.1041015625
187,8.54091796875,0.1041015625
188,8.540919494628906,0.1041015625
189,8.540919494628906,0.1041015625
190,8.540918350219727,0.1041015625
191,8.54091796875,0.1041015625
192,8.540918731689453,0.1041015625
193,8.540917205810548,0.1041015625
194,8.540918350219727,0.1041015625
195,8.540919494628906,0.1041015625
196,8.54091854095459,0.1041015625
197,8.540917778015137,0.1041015625
198,8.540917778015137,0.1041015625
199,8.540918350219727,0.1041015625
200,8.540918159484864,0.1041015625
201,8.54091911315918,0.1041015625
202,8.540917205810548,0.1041015625
203,8.540917587280273,0.1041015625
204,8.540917587280273,0.1041015625
205,8.540918350219727,0.1041015625
206,8.540918922424316,0.1041015625
207,8.540918159484864,0.1041015625
208,8.540918731689453,0.1041015625
209,8.54091854095459,0.1041015625
210,8.540918159484864,0.1041015625
211,8.540920829772949,0.1041015625
212,8.540918922424316,0.1041015625
213,8.540918922424316,0.1041015625
214,8.54091796875,0.1041015625
215,8.540918922424316,0.1041015625
216,8.540918731689453,0.1041015625
217,8.540917778015137,0.1041015625
218,8.540917778015137,0.1041015625
219,8.540918159484864,0.1041015625
220,8.540918159484864,0.1041015625
221,8.54091854095459,0.1041015625
222,8.540917778015137,0.1041015625
223,8.540918922424316,0.1041015625
224,8.540918159484864,0.1041015625
225,8.54091911315918,0.1041015625
226,8.540918159484864,0.1041015625
227,8.54091739654541,0.1041015625
228,8.54091796875,0.1041015625
229,8.54091796875,0.1041015625
230,8.540918731689453,0.1041015625
231,8.540918159484864,0.1041015625
232,8.540918350219727,0.1041015625
233,8.540918922424316,0.1041015625
234,8.540918731689453,0.1041015625
235,8.540918350219727,0.1041015625
236,8.540918350219727,0.1041015625
237,8.540918159484864,0.1041015625
238,8.54091796875,0.1041015625
239,8.540917205810548,0.1041015625
240,8.54091796875,0.1041015625
241,8.540917205810548,0.1041015625
242,8.540918350219727,0.1041015625
243,8.54091796875,0.1041015625
244,8.540918922424316,0.1041015625
245,8.540917778015137,0.1041015625
246,8.54091796875,0.1041015625
247,8.540918350219727,0.1041015625
248,8.540918159484864,0.1041015625
249,8.540917587280273,0.1041015625
250,8.54091796875,0.1041015625
251,8.54091854095459,0.1041015625
252,8.540917587280273,0.1041015625
253,8.540917778015137,0.1041015625
254,8.54091796875,0.1041015625
255,8.54091739654541,0.1041015625
256,8.540918922424316,0.1041015625
257,8.540918922424316,0.1041015625
258,8.540917587280273,0.1041015625
259,8.54091739654541,0.1041015625
260,8.540918159484864,0.1041015625
261,8.540917015075683,0.1041015625
262,8.540918350219727,0.1041015625
263,8.54091854095459,0.1041015625
264,8.54091796875,0.1041015625
265,8.540918159484864,0.1041015625
266,8.540917587280273,0.1041015625
267,8.540918159484864,0.1041015625
268,8.54091796875,0.1041015625
269,8.540917778015137,0.1041015625
270,8.540917205810548,0.1041015625
271,8.54091796875,0.1041015625
272,8.540917205810548,0.1041015625
273,8.54091796875,0.1041015625
274,8.54091796875,0.1041015625
275,8.540917587280273,0.1041015625
276,8.540917015075683,0.1041015625
277,8.54091739654541,0.1041015625
278,8.54091739654541,0.1041015625
279,8.540918350219727,0.1041015625
280,8.540917015075683,0.1041015625
281,8.540918159484864,0.1041015625
282,8.54091739654541,0.1041015625
283,8.54091796875,0.1041015625
284,8.540919494628906,0.1041015625
285,8.54091854095459,0.1041015625
286,8.540918159484864,0.1041015625
287,8.54091796875,0.1041015625
288,8.540917587280273,0.1041015625
289,8.540917778015137,0.1041015625
290,8.540917587280273,0.1041015625
291,8.540917205810548,0.1041015625
292,8.54091739654541,0.1041015625
293,8.54091739654541,0.1041015625
294,8.540918159484864,0.1041015625
295,8.540917587280273,0.1041015625
296,8.540917778015137,0.1041015625
297,8.540917587280273,0.1041015625
298,8.54091796875,0.1041015625
299,8.54091796875,0.1041015625
300,8.54091739654541,0.1041015625
301,8.540917587280273,0.1041015625
302,8.54091796875,0.1041015625
303,8.54091854095459,0.1041015625
304,8.540917205810548,0.1041015625
305,8.540917587280273,0.1041015625
306,8.540918350219727,0.1041015625
307,8.540917778015137,0.1041015625
308,8.54091796875,0.1041015625
309,8.540918731689453,0.1041015625
310,8.540917587280273,0.1041015625
311,8.540917015075683,0.1041015625
312,8.54091854095459,0.1041015625
313,8.54091739654541,0.1041015625
314,8.54091854095459,0.1041015625
315,8.540917205810548,0.1041015625
316,8.540917587280273,0.1041015625
317,8.540918731689453,0.1041015625
318,8.540918159484864,0.1041015625
319,8.540917587280273,0.1041015625
320,8.540917778015137,0.1041015625
321,8.54091796875,0.1041015625
322,8.54091739654541,0.1041015625
323,8.540917587280273,0.1041015625
324,8.54091854095459,0.1041015625
325,8.540917778015137,0.1041015625
326,8.54091796875,0.1041015625
327,8.540917778015137,0.1041015625
328,8.54091739654541,0.1041015625
329,8.54091796875,0.1041015625
330,8.540917205810548,0.1041015625
331,8.540918159484864,0.1041015625
332,8.540917778015137,0.1041015625
333,8.540918159484864,0.1041015625
334,8.540917587280273,0.1041015625
335,8.540917015075683,0.1041015625
336,8.540917205810548,0.1041015625
337,8.540917778015137,0.1041015625
338,8.540917587280273,0.1041015625
339,8.54091739654541,0.1041015625
340,8.54091796875,0.1041015625
341,8.540917778015137,0.1041015625
342,8.540917778015137,0.1041015625
343,8.54091796875,0.1041015625
344,8.540916252136231,0.1041015625
345,8.540918159484864,0.1041015625
346,8.540917778015137,0.1041015625
347,8.540917587280273,0.1041015625
348,8.540917778015137,0.1041015625
349,8.540917778015137,0.1041015625
350,8.54091739654541,0.1041015625
351,8.540918159484864,0.1041015625
352,8.540918159484864,0.1041015625
353,8.540917778015137,0.1041015625
354,8.54091854095459,0.1041015625
355,8.540917778015137,0.1041015625
356,8.540917778015137,0.1041015625
357,8.540917587280273,0.1041015625
358,8.54091796875,0.1041015625
359,8.540918159484864,0.1041015625
360,8.54091796875,0.1041015625
361,8.54091796875,0.1041015625
362,8.540917587280273,0.1041015625
363,8.540917587280273,0.1041015625
364,8.540917587280273,0.1041015625
365,8.540917587280273,0.1041015625
366,8.540917015075683,0.1041015625
367,8.540918350219727,0.1041015625
368,8.540917778015137,0.1041015625
369,8.540918159484864,0.1041015625
370,8.540917587280273,0.1041015625
371,8.540918731689453,0.1041015625
372,8.54091739654541,0.1041015625
373,8.540918159484864,0.1041015625
374,8.54091739654541,0.1041015625
375,8.54091854095459,0.1041015625
376,8.54091854095459,0.1041015625
377,8.54091854095459,0.1041015625
378,8.540917778015137,0.1041015625
379,8.540918731689453,0.1041015625
380,8.54091854095459,0.1041015625
381,8.540919303894043,0.1041015625
382,8.540917587280273,0.1041015625
383,8.540918922424316,0.1041015625
384,8.540922546386719,0.1041015625
385,8.540926551818847,0.1041015625
386,8.540940093994141,0.10625
387,8.540885734558106,0.105859375
388,8.541497993469239,0.0990234375
389,8.540922737121582,0.1041015625
390,8.540963935852051,0.1041015625
391,8.540930938720702,0.1041015625
392,8.540919494628906,0.1041015625
393,8.540920448303222,0.1041015625
394,8.540920448303222,0.1041015625
395,8.54091854095459,0.1041015625
396,8.540920829772949,0.1041015625
397,8.540919303894043,0.1041015625
398,8.540921401977538,0.1041015625
399,8.54091796875,0.1041015625
400,8.540917587280273,0.1041015625
401,8.540918922424316,0.1041015625
402,8.540918159484864,0.1041015625
403,8.54092025756836,0.1041015625
404,8.540917205810548,0.1041015625
405,8.540917015075683,0.1041015625
406,8.540917778015137,0.1041015625
407,8.540921211242676,0.1041015625
408,8.540919494628906,0.1041015625
409,8.54091968536377,0.1041015625
410,8.540918731689453,0.1041015625
411,8.54091796875,0.1041015625
412,8.54091911315918,0.1041015625
413,8.540918159484864,0.1041015625
414,8.540917205810548,0.1041015625
415,8.54091682434082,0.1041015625
416,8.54092025756836,0.1041015625
417,8.540917015075683,0.1041015625
418,8.540918922424316,0.1041015625
419,8.54091854095459,0.1041015625
420,8.540918731689453,0.1041015625
421,8.54091739654541,0.1041015625
422,8.540917778015137,0.1041015625
423,8.540918731689453,0.1041015625
424,8.540918922424316,0.1041015625
425,8.540917205810548,0.1041015625
426,8.540916442871094,0.1041015625
427,8.540918731689453,0.1041015625
428,8.540919303894043,0.1041015625
429,8.540916252136231,0.1041015625
430,8.54091796875,0.1041015625
431,8.54091796875,0.1041015625
432,8.540919494628906,0.1041015625
433,8.540919303894043,0.1041015625
434,8.540916442871094,0.1041015625
435,8.540918922424316,0.1041015625
436,8.540918731689453,0.1041015625
437,8.54091796875,0.1041015625
438,8.540918159484864,0.1041015625
439,8.540914916992188,0.1041015625
440,8.54091510772705,0.1041015625
441,8.54091739654541,0.1041015625
442,8.540917205810548,0.1041015625
443,8.540916442871094,0.1041015625
444,8.540915870666504,0.1041015625
445,8.540918922424316,0.1041015625
446,8.54091911315918,0.1041015625
447,8.540914154052734,0.1041015625
448,8.540917778015137,0.1041015625
449,8.540917205810548,0.1041015625
450,8.540917778015137,0.1041015625
451,8.54091682434082,0.1041015625
452,8.540916442871094,0.1041015625
453,8.540916442871094,0.1041015625
454,8.540917587280273,0.1041015625
455,8.540918731689453,0.1041015625
456,8.540916633605956,0.1041015625
457,8.540918922424316,0.1041015625
458,8.540918159484864,0.1041015625
459,8.540917778015137,0.1041015625
460,8.540917205810548,0.1041015625
461,8.540917205810548,0.1041015625
462,8.540918731689453,0.1041015625
463,8.540916442871094,0.1041015625
464,8.540918350219727,0.1041015625
465,8.54091682434082,0.1041015625
466,8.540917015075683,0.1041015625
467,8.540915489196777,0.1041015625
468,8.540917205810548,0.1041015625
469,8.540918159484864,0.1041015625
470,8.540917778015137,0.1041015625
471,8.54091796875,0.1041015625
472,8.540916633605956,0.1041015625
473,8.540917015075683,0.1041015625
474,8.540916061401367,0.1041015625
475,8.540918922424316,0.1041015625
476,8.540918350219727,0.1041015625
477,8.540914916992188,0.1041015625
478,8.540920448303222,0.1041015625
479,8.540917205810548,0.1041015625
480,8.540918350219727,0.1041015625
481,8.540920066833497,0.1041015625
482,8.540918731689453,0.1041015625
483,8.540918350219727,0.1041015625
484,8.54091854095459,0.1041015625
485,8.540917015075683,0.1041015625
486,8.54091281890869,0.1041015625
487,8.540919494628906,0.1041015625
488,8.54091911315918,0.1041015625
489,8.54091682434082,0.1041015625
490,8.540917587280273,0.1041015625
491,8.54091739654541,0.1041015625
492,8.540915870666504,0.1041015625
493,8.540918350219727,0.1041015625
494,8.54091510772705,0.1041015625
495,8.54091682434082,0.1041015625
496,8.54091854095459,0.1041015625
497,8.540918350219727,0.1041015625
498,8.54091796875,0.1041015625
499,8.54091911315918,0.1041015625
Final,,0.09989835778061225